[[エスケープ]]
2 22 10

[[バックステップ]]
4 8 7

[[スタンド発動]]
10 10 10

[[ワンモア覚醒]]
28 1 4

[[バースト覚醒]]
14 1 10

[[通常攻撃1段目]]
6 2 14

[[通常攻撃2段目]]
10 3 18

[[対空攻撃]]
14 3 23

[[中段攻撃]]
26 4 30

[[しゃがみ下段攻撃]]
6 2 16

[[あしばらい攻撃]]
10 3 28

[[空中攻撃]]
6 2 16

[[逆切れ攻撃]]
0 17 48

[[キャラ固有地上ニュートラル]]
5 26 22

[[キャラ固有地上しゃがみ]]
6 13 9

[[キャラ固有空中ニュートラル]]
18 194 32

[[キャラ固有空中下]]
4 3 21

[[キャラ固有2]]
5 6 30

[[掴み]]
5 7 19

[[投げ成功]]
64 3 18

[[必殺技]]
115 24 31

[[超必殺技]]
120 4 16