[[リザルト用かめら]]
ID: 0
パターン個数: 4
フレーム: 40
フレーム速度: 1
配置ポイント: 3
-9.71542 14.1152 -39.3169 -9.71542 67.7622 -19.3168
-0.1
-9.71542 14.1152 -39.3169 -9.71542 47.7621 -19.3168
-0.1
-9.71542 14.1152 -39.3169 -9.71542 14.1152 -19.3168
-0.05
フレーム: 103
フレーム速度: 1
配置ポイント: 3
-9.71542 14.1152 -39.3169 -9.71542 14.1152 -19.3168
-0.05
-9.71542 14.1152 -39.3169 -9.71542 14.1152 -19.3168
-0.05
-9.71542 14.1152 -43.8901 -9.71542 14.1152 -19.3168
-0.15
フレーム: 4
フレーム速度: 1
配置ポイント: 3
-9.71542 14.1152 -27.8092 -9.71542 14.1152 -3.54345
-0.1
-8.47167 14.1152 -23.5435 -8.47167 14.1152 -3.54345
0.1
-7.96542 14.1152 -19.5037 -7.96542 14.1152 -3.54345
0.09
フレーム: 1500
フレーム速度: 1
配置ポイント: 1
-7.96542 14.1152 -19.5037 -7.96542 14.1152 -3.54345
0.1
カメラ振動イベント: 0
END