ID:		0
パターン個数:	5
フレーム: 	65
フレーム速度:	1
配置ポイント:	1
0 21 -200 0 121 0
0
フレーム: 		20
フレーム速度:	1
配置ポイント:	3
0 21 -200 0 121 -150
-0.1
0 21 -200 0 121 -100
-0.1
0 21 -200 0 21 0
-0.1
フレーム: 		70
フレーム速度:	1
配置ポイント:	1
0 21 -200 0 21 0
-0.1
フレーム: 		5
フレーム速度:	1
配置ポイント:	2
0 21 -200 0 21 0
-0.1
0 21 -100 0 21 0
0.1
フレーム: 		120
フレーム速度:	1
配置ポイント:	1
0 21 -100 0 21 0
0.1
END
ID:		1
パターン個数:	1
フレーム:		45
フレーム速度:	1
配置ポイント:	1
10 30 20 0 5 0
0
END

ID:		2
パターン個数:	3
フレーム:		40
フレーム速度:	1
配置ポイント:	1
-30 30 20 0 5 0
0
フレーム:		35
フレーム速度:	1
配置ポイント:	1
30 30 20 0 5 0
0
フレーム:		40
フレーム速度:	1
配置ポイント:	1
0 10 20 0 10 0
0
END

ID:		3
パターン個数: 	2
フレーム: 		100
フレーム速度:	1
配置ポイント: 	4
-50 30 62 0 5 0
0
50 30 92 0 5 0
1
50 30 -33 0 5 0
2
0 30 -33 0 5 0
3
フレーム: 		45
フレーム速度:	1
配置ポイント:	2
0 30 -33 0 5 0
4
0 40 -73 0 15 0
5
END