[[エスケープ]]
2 22 10

[[バックステップ]]
4 8 7

[[スタンド発動]]
10 10 10

[[ワンモア覚醒]]
28 1 4

[[バースト覚醒]]
14 1 10

[[通常攻撃1段目]]
15 3 22

[[通常攻撃2段目]]
18 3 19

[[通常攻撃3段目]]
23 2 44

[[対空攻撃]]
18 3 19

[[中段攻撃]]
27 3 33

[[しゃがみ下段攻撃]]
15 2 23

[[あしばらい攻撃]]
14 2 21

[[空中攻撃]]
11 3 16

[[逆切れ攻撃]]
30 3 36

[[キャラ固有地上ニュートラル]]
12 28 42

[[キャラ固有地上しゃがみ]]
24 3 44

[[キャラ固有空中ニュートラル]]
12 28 42

[[キャラ固有空中下]]
24 16 24

[[掴み]]
5 7 19

[[投げ成功]]
35 3 12

[[必殺技]]
87 2 51

[[超必殺技]]
120 3 17