[[エスケープ]]
2 22 10

[[バックステップ]]
4 8 7

[[スタンド発動]]
10 10 10

[[ワンモア覚醒]]
28 1 4

[[バースト覚醒]]
14 1 10

[[通常攻撃1段目]]
9 2 19

[[通常攻撃2段目]]
13 3 21

[[通常攻撃3段目]]
15 2 29

[[対空攻撃]]
14 3 26

[[中段攻撃]]
27 3 33

[[しゃがみ下段攻撃]]
9 2 19

[[あしばらい攻撃]]
13 3 28

[[空中攻撃]]
10 2 18

[[逆切れ攻撃]]
10 2 58

[[キャラ固有地上ニュートラル]]
24 3 15

[[キャラ固有地上しゃがみ]]
26 4 16

[[キャラ固有空中ニュートラル]]
24 3 15

[[キャラ固有空中下]]
17 2 32

[[掴み]]
5 7 19

[[投げ成功]]
28 3 27

[[必殺技]]
56 2 22

[[超必殺技]]
97 3 20