[[エスケープ]]
2 22 10

[[バックステップ]]
4 8 7

[[スタンド発動]]
10 10 10

[[ワンモア覚醒]]
28 1 4

[[バースト覚醒]]
14 1 10

[[通常攻撃1段目]]
14 4 18

[[通常攻撃2段目]]
19 5 34

[[対空攻撃]]
12 2 42

[[中段攻撃]]
29 2 31

[[しゃがみ下段攻撃]]
8 2 14

[[あしばらい攻撃]]
15 2 21

[[空中攻撃]]
12 2 14

[[逆切れ攻撃]]
24 4 28

[[キャラ固有地上ニュートラル]]
8 6 10

[[キャラ固有2]]
22 5 8

[[キャラ固有3]]
14 3 23

[[キャラ固有地上しゃがみ]]
8 4 12

[[キャラ固有空中ニュートラル]]
8 4 12

[[キャラ固有空中下]]
15 2 24

[[掴み]]
5 7 19

[[投げ成功]]
30 1 30

[[必殺技]]
12 2 42

[[必殺技2]]
12 2 42

[[超必殺技]]
120 4 16